    223.          2e-18                    1e+08                        1e+00 
    223.          2e-17                    1e+09                        1e+00 
    223.          2e-16                    1e+10                        1e+00 
    223.          2e-15                    1e+11                        1e+00 
    223.          2e-14                    1e+12                        1e+00 
    223.          2e-13                    1e+13                        1e+00 
    223.          2e-12                    1e+14                        1e+00 
    223.          2e-11                    1e+15                        1e+00 
    223.          2e-10                    1e+16                        1e+00 
    223.          2e-09                    1e+17                        1e+00 
    223.          2e-08                    1e+18                        1e+00 
    223.          2e-07                    1e+19                        1e+00 
    223.          2e-06                    1e+20                        1e+00 
    223.          2e-05                    1e+21                        1e+00 
    223.          2e-04                    1e+22                        1e+00 
    223.          2e-03                    1e+23                        1e+00 
    223.          2e-02                    1e+24                        1e+00 
    223.          2e-01                    1e+25                        1e+00 
    334.          0e+00                    0e+00                        1e+00 
    334.          2e-25                    1e+01                        1e+00 
    334.          2e-24                    1e+02                        1e+00 
    334.          2e-23                    1e+03                        1e+00 
    334.          2e-22                    1e+04                        1e+00 
    334.          2e-21                    1e+05                        1e+00 
    334.          2e-20                    1e+06                        1e+00 
    334.          2e-19                    1e+07                        1e+00 
    334.          2e-18                    1e+08                        1e+00 
    334.          2e-17                    1e+09                        1e+00 
    334.          2e-16                    1e+10                        1e+00 
    334.          2e-15                    1e+11                        1e+00 
    334.          2e-14                    1e+12                        1e+00 
    334.          2e-13                    1e+13                        1e+00 
    334.          2e-12                    1e+14                        1e+00 
    334.          2e-11                    1e+15                        1e+00 
    334.          2e-10                    1e+16                        1e+00 
    334.          2e-09                    1e+17                        1e+00 
    334.          2e-08                    1e+18                        1e+00 
    334.          2e-07                    1e+19                        1e+00 
    334.          2e-06                    1e+20                        1e+00 
    334.          2e-05                    1e+21                        1e+00 
    334.          2e-04                    1e+22                        1e+00 
    334.          2e-03                    1e+23                        1e+00 
    334.          2e-02                    1e+24                        1e+00 
    334.          2e-01                    1e+25                        1e+00 
    445.          0e+00                    0e+00                        1e+00 
    445.          2e-25                    1e+01                        1e+00 
    445.          2e-24                    1e+02                        1e+00 
    445.          2e-23                    1e+03                        1e+00 
    445.          2e-22                    1e+04                        1e+00 
    445.          2e-21                    1e+05                        1e+00 
    445.          2e-20                    1e+06                        1e+00 
    445.          2e-19                    1e+07                        1e+00 
    445.          2e-18                    1e+08                        1e+00 
    445.          2e-17                    1e+09                        1e+00 
    445.          2e-16                    1e+10                        1e+00 
    445.          2e-15                    1e+11                        1e+00 
    445.          2e-14                    1e+12                        1e+00 
    445.          2e-13                    1e+13                        1e+00 
    445.          2e-12                    1e+14                        1e+00 
    445.          2e-11                    1e+15                        1e+00 
    445.          2e-10                    1e+16                        1e+00 
    445.          2e-09                    1e+17                        1e+00 
    445.          2e-08                    1e+18                        1e+00 
    445.          2e-07                    1e+19                        1e+00 
    445.          2e-06                    1e+20                        1e+00 
    445.          2e-05                    1e+21                        1e+00 
    445.          2e-04                    1e+22                        1e+00 
    445.          2e-03                    1e+23                        1e+00 
    445.          2e-02                    1e+24                        1e+00 
    445.          2e-01                    1e+25                        1e+00 
    556.          0e+00                    0e+00                        1e+00 
    556.          2e-25                    1e+01                        1e+00 
    556.          2e-24                    1e+02                        1e+00 
    556.          2e-23                    1e+03                        1e+00 
    556.          2e-22                    1e+04                        1e+00 
    556.          2e-21                    1e+05                        1e+00 
    556.          2e-20                    1e+06                        1e+00 
    556.          2e-19                    1e+07                        1e+00 
    556.          2e-18                    1e+08                        1e+00 
    556.          2e-17                    1e+09                        1e+00 
    556.          2e-16                    1e+10                        1e+00 
    556.          2e-15                    1e+11                        1e+00 
    556.          2e-14                    1e+12                        1e+00 
    556.          2e-13                    1e+13                        1e+00 
    556.          2e-12                    1e+14                        1e+00 
    556.          2e-11                    1e+15                        1e+00 
    556.          2e-10                    1e+16                        1e+00 
    556.          2e-09                    1e+17                        1e+00 
    556.          2e-08                    1e+18                        1e+00 
    556.          2e-07                    1e+19                        1e+00 
    556.          2e-06                    1e+20                        1e+00 
    556.          2e-05                    1e+21                        1e+00 
    556.          2e-04                    1e+22                        1e+00 
    556.          2e-03                    1e+23                        1e+00 
    556.          2e-02                    1e+24                        1e+00 
    556.          2e-01                    1e+25                        1e+00 
    667.          0e+00                    0e+00                        1e+00 
    667.          2e-25                    1e+01                        1e+00 
    667.          2e-24                    1e+02                        1e+00 
    667.          2e-23                    1e+03                        1e+00 
    667.          2e-22                    1e+04                        1e+00 
    667.          2e-21                    1e+05                        1e+00 
    667.          2e-20                    1e+06                        1e+00 
    667.          2e-19                    1e+07                        1e+00 
    667.          2e-18                    1e+08                        1e+00 
    667.          2e-17                    1e+09                        1e+00 
    667.          2e-16                    1e+10                        1e+00 
    667.          2e-15                    1e+11                        1e+00 
    667.          2e-14                    1e+12                        1e+00 
    667.          2e-13                    1e+13                        1e+00 
    667.          2e-12                    1e+14                        1e+00 
    667.          2e-11                    1e+15                        1e+00 
    667.          2e-10                    1e+16                        1e+00 
    667.          2e-09                    1e+17                        1e+00 
    667.          2e-08                    1e+18                        1e+00 
    667.          2e-07                    1e+19                        1e+00 
    667.          2e-06                    1e+20                        1e+00 
    667.          2e-05                    1e+21                        1e+00 
    667.          2e-04                    1e+22                        1e+00 
    667.          2e-03                    1e+23                        1e+00 
    667.          2e-02                    1e+24                        1e+00 
    667.          2e-01                    1e+25                        1e+00 
    778.          0e+00                    0e+00                        1e+00 
    778.          2e-25                    1e+01                        1e+00 
    778.          2e-24                    1e+02                        1e+00 
    778.          2e-23                    1e+03                        1e+00 
    778.          2e-22                    1e+04                        1e+00 
    778.          2e-21                    1e+05                        1e+00 
    778.          2e-20                    1e+06                        1e+00 
    778.          2e-19                    1e+07                        1e+00 
    778.          2e-18                    1e+08                        1e+00 
    778.          2e-17                    1e+09                        1e+00 
    778.          2e-16                    1e+10                        1e+00 
    778.          2e-15                    1e+11                        1e+00 
    778.          2e-14                    1e+12                        1e+00 
    778.          2e-13                    1e+13                        1e+00 
    778.          2e-12                    1e+14                        1e+00 
    778.          2e-11                    1e+15                        1e+00 
    778.          2e-10                    1e+16                        1e+00 
    778.          2e-09                    1e+17                        1e+00 
    778.          2e-08                    1e+18                        1e+00 
    778.          2e-07                    1e+19                        1e+00 
    778.          2e-06                    1e+20                        1e+00 
    778.          2e-05                    1e+21                        1e+00 
    778.          2e-04                    1e+22                        1e+00 
    778.          2e-03                    1e+23                        1e+00 
    778.          2e-02                    1e+24                        1e+00 
    778.          2e-01                    1e+25                        1e+00 
    889.          0e+00                    0e+00                        1e+00 
    889.          2e-25                    1e+01                        1e+00 
    889.          2e-24                    1e+02                        1e+00 
    889.          2e-23                    1e+03                        1e+00 
    889.          2e-22                    1e+04                        1e+00 
    889.          2e-21                    1e+05                        1e+00 
    889.          2e-20                    1e+06                        1e+00 
    889.          2e-19                    1e+07                        1e+00 
    889.          2e-18                    1e+08                        1e+00 
    889.          2e-17                    1e+09                        1e+00 
    889.          2e-16                    1e+10                        1e+00 
    889.          2e-15                    1e+11                        1e+00 
    889.          2e-14                    1e+12                        1e+00 
    889.          2e-13                    1e+13                        1e+00 
    889.          2e-12                    1e+14                        1e+00 
    889.          2e-11                    1e+15                        1e+00 
    889.          2e-10                    1e+16                        1e+00 
    889.          2e-09                    1e+17                        1e+00 
    889.          2e-08                    1e+18                        1e+00 
    889.          2e-07                    1e+19                        1e+00 
    889.          2e-06                    1e+20                        1e+00 
    889.          2e-05                    1e+21                        1e+00 
    889.          2e-04                    1e+22                        1e+00 
    889.          2e-03                    1e+23                        1e+00 
    889.          2e-02                    1e+24                        1e+00 
    889.          2e-01                    1e+25                        1e+00 
   1000.          0e+00                    0e+00                        1e+00 
   1000.          2e-25                    1e+01                        1e+00 
   1000.          2e-24                    1e+02                        1e+00 
   1000.          2e-23                    1e+03                        1e+00 
   1000.          2e-22                    1e+04                        1e+00 
   1000.          2e-21                    1e+05                        1e+00 
   1000.          2e-20                    1e+06                        1e+00 
   1000.          2e-19                    1e+07                        1e+00 
   1000.          2e-18                    1e+08                        1e+00 
   1000.          2e-17                    1e+09                        1e+00 
   1000.          2e-16                    1e+10                        1e+00 
   1000.          2e-15                    1e+11                        1e+00 
   1000.          2e-14                    1e+12                        1e+00 
   1000.          2e-13                    1e+13                        1e+00 
   1000.          2e-12                    1e+14                        1e+00 
   1000.          2e-11                    1e+15                        1e+00 
   1000.          2e-10                    1e+16                        1e+00 
   1000.          2e-09                    1e+17                        1e+00 
   1000.          2e-08                    1e+18                        1e+00 
   1000.          2e-07                    1e+19                        1e+00 
   1000.          2e-06                    1e+20                        1e+00 
   1000.          2e-05                    1e+21                        1e+00 
   1000.          2e-04                    1e+22                        1e+00 
   1000.          2e-03                    1e+23                        1e+00 
   1000.          2e-02                    1e+24                        1e+00 
   1000.          2e-01                    1e+25                        1e+00 
