      1.          0e+00                    0e+00                        0e+00 
      1.          4e-25                    1e+01                        0e+00 
      1.          4e-24                    1e+02                        0e+00 
      1.          4e-23                    1e+03                        0e+00 
      1.          4e-22                    1e+04                        0e+00 
      1.          4e-21                    1e+05                        0e+00 
      1.          4e-20                    1e+06                        0e+00 
      1.          4e-19                    1e+07                        0e+00 
      1.          4e-18                    1e+08                        0e+00 
      1.          4e-17                    1e+09                        0e+00 
      1.          4e-16                    1e+10                        0e+00 
      1.          4e-15                    1e+11                        0e+00 
      1.          4e-14                    1e+12                        0e+00 
      1.          4e-13                    1e+13                        0e+00 
      1.          4e-12                    1e+14                        0e+00 
      1.          4e-11                    1e+15                        0e+00 
      1.          4e-10                    1e+16                        0e+00 
      1.          4e-09                    1e+17                        0e+00 
      1.          4e-08                    1e+18                        0e+00 
      1.          4e-07                    1e+19                        0e+00 
      1.          4e-06                    1e+20                        0e+00 
      1.          4e-05                    1e+21                        0e+00 
      1.          4e-04                    1e+22                        0e+00 
      1.          4e-03                    1e+23                        0e+00 
      1.          4e-02                    1e+24                        0e+00 
      1.          4e-01                    1e+25                        0e+00 
    112.          0e+00                    0e+00                        0e+00 
    112.          4e-25                    1e+01                        0e+00 
    112.          4e-24                    1e+02                        0e+00 
    112.          4e-23                    1e+03                        0e+00 
    112.          4e-22                    1e+04                        0e+00 
    112.          4e-21                    1e+05                        0e+00 
    112.          4e-20                    1e+06                        0e+00 
    112.          4e-19                    1e+07                        0e+00 
    112.          4e-18                    1e+08                        0e+00 
    112.          4e-17                    1e+09                        0e+00 
    112.          4e-16                    1e+10                        0e+00 
    112.          4e-15                    1e+11                        0e+00 
    112.          4e-14                    1e+12                        0e+00 
    112.          4e-13                    1e+13                        0e+00 
    112.          4e-12                    1e+14                        0e+00 
    112.          4e-11                    1e+15                        0e+00 
    112.          4e-10                    1e+16                        0e+00 
    112.          4e-09                    1e+17                        0e+00 
    112.          4e-08                    1e+18                        0e+00 
    112.          4e-07                    1e+19                        0e+00 
    112.          4e-06                    1e+20                        0e+00 
    112.          4e-05                    1e+21                        0e+00 
    112.          4e-04                    1e+22                        0e+00 
    112.          4e-03                    1e+23                        0e+00 
    112.          4e-02                    1e+24                        0e+00 
    112.          4e-01                    1e+25                        0e+00 
    223.          0e+00                    0e+00                        0e+00 
    223.          4e-25                    1e+01                        0e+00 
    223.          4e-24                    1e+02                        0e+00 
    223.          4e-23                    1e+03                        0e+00 
    223.          4e-22                    1e+04                        0e+00 
    223.          4e-21                    1e+05                        0e+00 
    223.          4e-20                    1e+06                        0e+00 
    223.          4e-19                    1e+07                        0e+00 
    223.          4e-18                    1e+08                        0e+00 
    223.          4e-17                    1e+09                        0e+00 
    223.          4e-16                    1e+10                        0e+00 
    223.          4e-15                    1e+11                        0e+00 
    223.          4e-14                    1e+12                        0e+00 
    223.          4e-13                    1e+13                        0e+00 
    223.          4e-12                    1e+14                        0e+00 
    223.          4e-11                    1e+15                        0e+00 
    223.          4e-10                    1e+16                        0e+00 
    223.          4e-09                    1e+17                        0e+00 
    223.          4e-08                    1e+18                        0e+00 
    223.          4e-07                    1e+19                        0e+00 
    223.          4e-06                    1e+20                        0e+00 
    223.          4e-05                    1e+21                        0e+00 
    223.          4e-04                    1e+22                        0e+00 
    223.          4e-03                    1e+23                        0e+00 
    223.          4e-02                    1e+24                        0e+00 
    223.          4e-01                    1e+25                        0e+00 
    334.          0e+00                    0e+00                        0e+00 
    334.          4e-25                    1e+01                        0e+00 
    334.          4e-24                    1e+02                        0e+00 
    334.          4e-23                    1e+03                        0e+00 
    334.          4e-22                    1e+04                        0e+00 
    334.          4e-21                    1e+05                        0e+00 
    334.          4e-20                    1e+06                        0e+00 
    334.          4e-19                    1e+07                        0e+00 
    334.          4e-18                    1e+08                        0e+00 
    334.          4e-17                    1e+09                        0e+00 
    334.          4e-16                    1e+10                        0e+00 
    334.          4e-15                    1e+11                        0e+00 
    334.          4e-14                    1e+12                        0e+00 
    334.          4e-13                    1e+13                        0e+00 
    334.          4e-12                    1e+14                        0e+00 
    334.          4e-11                    1e+15                        0e+00 
    334.          4e-10                    1e+16                        0e+00 
    334.          4e-09                    1e+17                        0e+00 
    334.          4e-08                    1e+18                        0e+00 
    334.          4e-07                    1e+19                        0e+00 
    334.          4e-06                    1e+20                        0e+00 
    334.          4e-05                    1e+21                        0e+00 
    334.          4e-04                    1e+22                        0e+00 
    334.          4e-03                    1e+23                        0e+00 
    334.          4e-02                    1e+24                        0e+00 
    334.          4e-01                    1e+25                        0e+00 
    445.          0e+00                    0e+00                        0e+00 
    445.          4e-25                    1e+01                        0e+00 
    445.          4e-24                    1e+02                        0e+00 
    445.          4e-23                    1e+03                        0e+00 
    445.          4e-22                    1e+04                        0e+00 
    445.          4e-21                    1e+05                        0e+00 
    445.          4e-20                    1e+06                        0e+00 
    445.          4e-19                    1e+07                        0e+00 
    445.          4e-18                    1e+08                        0e+00 
    445.          4e-17                    1e+09                        0e+00 
    445.          4e-16                    1e+10                        0e+00 
    445.          4e-15                    1e+11                        0e+00 
    445.          4e-14                    1e+12                        0e+00 
    445.          4e-13                    1e+13                        0e+00 
    445.          4e-12                    1e+14                        0e+00 
    445.          4e-11                    1e+15                        0e+00 
    445.          4e-10                    1e+16                        0e+00 
    445.          4e-09                    1e+17                        0e+00 
    445.          4e-08                    1e+18                        0e+00 
    445.          4e-07                    1e+19                        0e+00 
    445.          4e-06                    1e+20                        0e+00 
    445.          4e-05                    1e+21                        0e+00 
    445.          4e-04                    1e+22                        0e+00 
    445.          4e-03                    1e+23                        0e+00 
    445.          4e-02                    1e+24                        0e+00 
    445.          4e-01                    1e+25                        0e+00 
    556.          0e+00                    0e+00                        0e+00 
    556.          4e-25                    1e+01                        0e+00 
    556.          4e-24                    1e+02                        0e+00 
    556.          4e-23                    1e+03                        0e+00 
    556.          4e-22                    1e+04                        0e+00 
    556.          4e-21                    1e+05                        0e+00 
    556.          4e-20                    1e+06                        0e+00 
    556.          4e-19                    1e+07                        0e+00 
    556.          4e-18                    1e+08                        0e+00 
    556.          4e-17                    1e+09                        0e+00 
    556.          4e-16                    1e+10                        0e+00 
    556.          4e-15                    1e+11                        0e+00 
    556.          4e-14                    1e+12                        0e+00 
    556.          4e-13                    1e+13                        0e+00 
    556.          4e-12                    1e+14                        0e+00 
    556.          4e-11                    1e+15                        0e+00 
    556.          4e-10                    1e+16                        0e+00 
    556.          4e-09                    1e+17                        0e+00 
    556.          4e-08                    1e+18                        0e+00 
    556.          4e-07                    1e+19                        0e+00 
    556.          4e-06                    1e+20                        0e+00 
    556.          4e-05                    1e+21                        0e+00 
    556.          4e-04                    1e+22                        0e+00 
    556.          4e-03                    1e+23                        0e+00 
    556.          4e-02                    1e+24                        0e+00 
    556.          4e-01                    1e+25                        0e+00 
    667.          0e+00                    0e+00                        0e+00 
    667.          4e-25                    1e+01                        0e+00 
    667.          4e-24                    1e+02                        0e+00 
    667.          4e-23                    1e+03                        0e+00 
    667.          4e-22                    1e+04                        0e+00 
    667.          4e-21                    1e+05                        0e+00 
    667.          4e-20                    1e+06                        0e+00 
    667.          4e-19                    1e+07                        0e+00 
    667.          4e-18                    1e+08                        0e+00 
    667.          4e-17                    1e+09                        0e+00 
    667.          4e-16                    1e+10                        0e+00 
    667.          4e-15                    1e+11                        0e+00 
    667.          4e-14                    1e+12                        0e+00 
    667.          4e-13                    1e+13                        0e+00 
    667.          4e-12                    1e+14                        0e+00 
    667.          4e-11                    1e+15                        0e+00 
    667.          4e-10                    1e+16                        0e+00 
    667.          4e-09                    1e+17                        0e+00 
    667.          4e-08                    1e+18                        0e+00 
    667.          4e-07                    1e+19                        0e+00 
    667.          4e-06                    1e+20                        0e+00 
    667.          4e-05                    1e+21                        0e+00 
    667.          4e-04                    1e+22                        0e+00 
    667.          4e-03                    1e+23                        0e+00 
    667.          4e-02                    1e+24                        0e+00 
    667.          4e-01                    1e+25                        0e+00 
    778.          0e+00                    0e+00                        0e+00 
    778.          4e-25                    1e+01                        0e+00 
    778.          4e-24                    1e+02                        0e+00 
    778.          4e-23                    1e+03                        0e+00 
    778.          4e-22                    1e+04                        0e+00 
    778.          4e-21                    1e+05                        0e+00 
    778.          4e-20                    1e+06                        0e+00 
    778.          4e-19                    1e+07                        0e+00 
    778.          4e-18                    1e+08                        0e+00 
    778.          4e-17                    1e+09                        0e+00 
    778.          4e-16                    1e+10                        0e+00 
    778.          4e-15                    1e+11                        0e+00 
    778.          4e-14                    1e+12                        0e+00 
    778.          4e-13                    1e+13                        0e+00 
    778.          4e-12                    1e+14                        0e+00 
    778.          4e-11                    1e+15                        0e+00 
    778.          4e-10                    1e+16                        0e+00 
    778.          4e-09                    1e+17                        0e+00 
    778.          4e-08                    1e+18                        0e+00 
    778.          4e-07                    1e+19                        0e+00 
    778.          4e-06                    1e+20                        0e+00 
    778.          4e-05                    1e+21                        0e+00 
    778.          4e-04                    1e+22                        0e+00 
    778.          4e-03                    1e+23                        0e+00 
    778.          4e-02                    1e+24                        0e+00 
    778.          4e-01                    1e+25                        0e+00 
    889.          0e+00                    0e+00                        0e+00 
    889.          4e-25                    1e+01                        0e+00 
    889.          4e-24                    1e+02                        0e+00 
    889.          4e-23                    1e+03                        0e+00 
    889.          4e-22                    1e+04                        0e+00 
    889.          4e-21                    1e+05                        0e+00 
    889.          4e-20                    1e+06                        0e+00 
    889.          4e-19                    1e+07                        0e+00 
    889.          4e-18                    1e+08                        0e+00 
    889.          4e-17                    1e+09                        0e+00 
    889.          4e-16                    1e+10                        0e+00 
    889.          4e-15                    1e+11                        0e+00 
    889.          4e-14                    1e+12                        0e+00 
    889.          4e-13                    1e+13                        0e+00 
    889.          4e-12                    1e+14                        0e+00 
    889.          4e-11                    1e+15                        0e+00 
    889.          4e-10                    1e+16                        0e+00 
    889.          4e-09                    1e+17                        0e+00 
    889.          4e-08                    1e+18                        0e+00 
    889.          4e-07                    1e+19                        0e+00 
    889.          4e-06                    1e+20                        0e+00 
    889.          4e-05                    1e+21                        0e+00 
    889.          4e-04                    1e+22                        0e+00 
    889.          4e-03                    1e+23                        0e+00 
    889.          4e-02                    1e+24                        0e+00 
    889.          4e-01                    1e+25                        0e+00 
   1000.          0e+00                    0e+00                        0e+00 
   1000.          4e-25                    1e+01                        0e+00 
   1000.          4e-24                    1e+02                        0e+00 
   1000.          4e-23                    1e+03                        0e+00 
   1000.          4e-22                    1e+04                        0e+00 
   1000.          4e-21                    1e+05                        0e+00 
   1000.          4e-20                    1e+06                        0e+00 
   1000.          4e-19                    1e+07                        0e+00 
   1000.          4e-18                    1e+08                        0e+00 
   1000.          4e-17                    1e+09                        0e+00 
   1000.          4e-16                    1e+10                        0e+00 
   1000.          4e-15                    1e+11                        0e+00 
   1000.          4e-14                    1e+12                        0e+00 
   1000.          4e-13                    1e+13                        0e+00 
   1000.          4e-12                    1e+14                        0e+00 
   1000.          4e-11                    1e+15                        0e+00 
   1000.          4e-10                    1e+16                        0e+00 
   1000.          4e-09                    1e+17                        0e+00 
   1000.          4e-08                    1e+18                        0e+00 
   1000.          4e-07                    1e+19                        0e+00 
   1000.          4e-06                    1e+20                        0e+00 
   1000.          4e-05                    1e+21                        0e+00 
   1000.          4e-04                    1e+22                        0e+00 
   1000.          4e-03                    1e+23                        0e+00 
   1000.          4e-02                    1e+24                        0e+00 
   1000.          4e-01                    1e+25                        0e+00 
      1.          0e+00                    0e+00                        1e-18 
      1.          4e-25                    1e+01                        1e-18 
      1.          4e-24                    1e+02                        1e-18 
      1.          4e-23                    1e+03                        1e-18 
      1.          4e-22                    1e+04                        1e-18 
      1.          4e-21                    1e+05                        1e-18 
      1.          4e-20                    1e+06                        1e-18 
      1.          4e-19                    1e+07                        1e-18 
      1.          4e-18                    1e+08                        1e-18 
      1.          4e-17                    1e+09                        1e-18 
      1.          4e-16                    1e+10                        1e-18 
      1.          4e-15                    1e+11                        1e-18 
      1.          4e-14                    1e+12                        1e-18 
      1.          4e-13                    1e+13                        1e-18 
      1.          4e-12                    1e+14                        1e-18 
      1.          4e-11                    1e+15                        1e-18 
      1.          4e-10                    1e+16                        1e-18 
      1.          4e-09                    1e+17                        1e-18 
      1.          4e-08                    1e+18                        1e-18 
      1.          4e-07                    1e+19                        1e-18 
      1.          4e-06                    1e+20                        1e-18 
      1.          4e-05                    1e+21                        1e-18 
      1.          4e-04                    1e+22                        1e-18 
      1.          4e-03                    1e+23                        1e-18 
      1.          4e-02                    1e+24                        1e-18 
      1.          4e-01                    1e+25                        1e-18 
    112.          0e+00                    0e+00                        1e-18 
    112.          4e-25                    1e+01                        1e-18 
    112.          4e-24                    1e+02                        1e-18 
    112.          4e-23                    1e+03                        1e-18 
    112.          4e-22                    1e+04                        1e-18 
    112.          4e-21                    1e+05                        1e-18 
    112.          4e-20                    1e+06                        1e-18 
    112.          4e-19                    1e+07                        1e-18 
    112.          4e-18                    1e+08                        1e-18 
    112.          4e-17                    1e+09                        1e-18 
    112.          4e-16                    1e+10                        1e-18 
    112.          4e-15                    1e+11                        1e-18 
    112.          4e-14                    1e+12                        1e-18 
    112.          4e-13                    1e+13                        1e-18 
    112.          4e-12                    1e+14                        1e-18 
    112.          4e-11                    1e+15                        1e-18 
    112.          4e-10                    1e+16                        1e-18 
    112.          4e-09                    1e+17                        1e-18 
    112.          4e-08                    1e+18                        1e-18 
    112.          4e-07                    1e+19                        1e-18 
    112.          4e-06                    1e+20                        1e-18 
    112.          4e-05                    1e+21                        1e-18 
    112.          4e-04                    1e+22                        1e-18 
    112.          4e-03                    1e+23                        1e-18 
    112.          4e-02                    1e+24                        1e-18 
    112.          4e-01                    1e+25                        1e-18 
    223.          0e+00                    0e+00                        1e-18 
    223.          4e-25                    1e+01                        1e-18 
    223.          4e-24                    1e+02                        1e-18 
    223.          4e-23                    1e+03                        1e-18 
    223.          4e-22                    1e+04                        1e-18 
    223.          4e-21                    1e+05                        1e-18 
    223.          4e-20                    1e+06                        1e-18 
    223.          4e-19                    1e+07                        1e-18 
    223.          4e-18                    1e+08                        1e-18 
    223.          4e-17                    1e+09                        1e-18 
    223.          4e-16                    1e+10                        1e-18 
    223.          4e-15                    1e+11                        1e-18 
    223.          4e-14                    1e+12                        1e-18 
    223.          4e-13                    1e+13                        1e-18 
    223.          4e-12                    1e+14                        1e-18 
    223.          4e-11                    1e+15                        1e-18 
    223.          4e-10                    1e+16                        1e-18 
    223.          4e-09                    1e+17                        1e-18 
    223.          4e-08                    1e+18                        1e-18 
    223.          4e-07                    1e+19                        1e-18 
    223.          4e-06                    1e+20                        1e-18 
    223.          4e-05                    1e+21                        1e-18 
    223.          4e-04                    1e+22                        1e-18 
    223.          4e-03                    1e+23                        1e-18 
    223.          4e-02                    1e+24                        1e-18 
    223.          4e-01                    1e+25                        1e-18 
    334.          0e+00                    0e+00                        1e-18 
    334.          4e-25                    1e+01                        1e-18 
    334.          4e-24                    1e+02                        1e-18 
    334.          4e-23                    1e+03                        1e-18 
    334.          4e-22                    1e+04                        1e-18 
    334.          4e-21                    1e+05                        1e-18 
    334.          4e-20                    1e+06                        1e-18 
    334.          4e-19                    1e+07                        1e-18 
    334.          4e-18                    1e+08                        1e-18 
    334.          4e-17                    1e+09                        1e-18 
    334.          4e-16                    1e+10                        1e-18 
    334.          4e-15                    1e+11                        1e-18 
    334.          4e-14                    1e+12                        1e-18 
    334.          4e-13                    1e+13                        1e-18 
    334.          4e-12                    1e+14                        1e-18 
    334.          4e-11                    1e+15                        1e-18 
    334.          4e-10                    1e+16                        1e-18 
    334.          4e-09                    1e+17                        1e-18 
    334.          4e-08                    1e+18                        1e-18 
    334.          4e-07                    1e+19                        1e-18 
    334.          4e-06                    1e+20                        1e-18 
    334.          4e-05                    1e+21                        1e-18 
    334.          4e-04                    1e+22                        1e-18 
    334.          4e-03                    1e+23                        1e-18 
    334.          4e-02                    1e+24                        1e-18 
    334.          4e-01                    1e+25                        1e-18 
    445.          0e+00                    0e+00                        1e-18 
    445.          4e-25                    1e+01                        1e-18 
    445.          4e-24                    1e+02                        1e-18 
    445.          4e-23                    1e+03                        1e-18 
    445.          4e-22                    1e+04                        1e-18 
    445.          4e-21                    1e+05                        1e-18 
    445.          4e-20                    1e+06                        1e-18 
    445.          4e-19                    1e+07                        1e-18 
    445.          4e-18                    1e+08                        1e-18 
    445.          4e-17                    1e+09                        1e-18 
    445.          4e-16                    1e+10                        1e-18 
    445.          4e-15                    1e+11                        1e-18 
    445.          4e-14                    1e+12                        1e-18 
    445.          4e-13                    1e+13                        1e-18 
    445.          4e-12                    1e+14                        1e-18 
    445.          4e-11                    1e+15                        1e-18 
    445.          4e-10                    1e+16                        1e-18 
    445.          4e-09                    1e+17                        1e-18 
    445.          4e-08                    1e+18                        1e-18 
    445.          4e-07                    1e+19                        1e-18 
    445.          4e-06                    1e+20                        1e-18 
    445.          4e-05                    1e+21                        1e-18 
    445.          4e-04                    1e+22                        1e-18 
    445.          4e-03                    1e+23                        1e-18 
    445.          4e-02                    1e+24                        1e-18 
    445.          4e-01                    1e+25                        1e-18 
    556.          0e+00                    0e+00                        1e-18 
    556.          4e-25                    1e+01                        1e-18 
    556.          4e-24                    1e+02                        1e-18 
    556.          4e-23                    1e+03                        1e-18 
    556.          4e-22                    1e+04                        1e-18 
    556.          4e-21                    1e+05                        1e-18 
    556.          4e-20                    1e+06                        1e-18 
    556.          4e-19                    1e+07                        1e-18 
    556.          4e-18                    1e+08                        1e-18 
    556.          4e-17                    1e+09                        1e-18 
    556.          4e-16                    1e+10                        1e-18 
    556.          4e-15                    1e+11                        1e-18 
    556.          4e-14                    1e+12                        1e-18 
    556.          4e-13                    1e+13                        1e-18 
    556.          4e-12                    1e+14                        1e-18 
    556.          4e-11                    1e+15                        1e-18 
    556.          4e-10                    1e+16                        1e-18 
    556.          4e-09                    1e+17                        1e-18 
    556.          4e-08                    1e+18                        1e-18 
    556.          4e-07                    1e+19                        1e-18 
    556.          4e-06                    1e+20                        1e-18 
    556.          4e-05                    1e+21                        1e-18 
    556.          4e-04                    1e+22                        1e-18 
    556.          4e-03                    1e+23                        1e-18 
    556.          4e-02                    1e+24                        1e-18 
    556.          4e-01                    1e+25                        1e-18 
    667.          0e+00                    0e+00                        1e-18 
    667.          4e-25                    1e+01                        1e-18 
    667.          4e-24                    1e+02                        1e-18 
    667.          4e-23                    1e+03                        1e-18 
    667.          4e-22                    1e+04                        1e-18 
    667.          4e-21                    1e+05                        1e-18 
    667.          4e-20                    1e+06                        1e-18 
    667.          4e-19                    1e+07                        1e-18 
    667.          4e-18                    1e+08                        1e-18 
    667.          4e-17                    1e+09                        1e-18 
    667.          4e-16                    1e+10                        1e-18 
    667.          4e-15                    1e+11                        1e-18 
    667.          4e-14                    1e+12                        1e-18 
    667.          4e-13                    1e+13                        1e-18 
    667.          4e-12                    1e+14                        1e-18 
    667.          4e-11                    1e+15                        1e-18 
    667.          4e-10                    1e+16                        1e-18 
    667.          4e-09                    1e+17                        1e-18 
    667.          4e-08                    1e+18                        1e-18 
    667.          4e-07                    1e+19                        1e-18 
    667.          4e-06                    1e+20                        1e-18 
    667.          4e-05                    1e+21                        1e-18 
    667.          4e-04                    1e+22                        1e-18 
    667.          4e-03                    1e+23                        1e-18 
    667.          4e-02                    1e+24                        1e-18 
    667.          4e-01                    1e+25                        1e-18 
    778.          0e+00                    0e+00                        1e-18 
    778.          4e-25                    1e+01                        1e-18 
    778.          4e-24                    1e+02                        1e-18 
    778.          4e-23                    1e+03                        1e-18 
    778.          4e-22                    1e+04                        1e-18 
    778.          4e-21                    1e+05                        1e-18 
    778.          4e-20                    1e+06                        1e-18 
    778.          4e-19                    1e+07                        1e-18 
    778.          4e-18                    1e+08                        1e-18 
    778.          4e-17                    1e+09                        1e-18 
    778.          4e-16                    1e+10                        1e-18 
    778.          4e-15                    1e+11                        1e-18 
    778.          4e-14                    1e+12                        1e-18 
    778.          4e-13                    1e+13                        1e-18 
    778.          4e-12                    1e+14                        1e-18 
    778.          4e-11                    1e+15                        1e-18 
    778.          4e-10                    1e+16                        1e-18 
    778.          4e-09                    1e+17                        1e-18 
    778.          4e-08                    1e+18                        1e-18 
    778.          4e-07                    1e+19                        1e-18 
    778.          4e-06                    1e+20                        1e-18 
    778.          4e-05                    1e+21                        1e-18 
    778.          4e-04                    1e+22                        1e-18 
    778.          4e-03                    1e+23                        1e-18 
    778.          4e-02                    1e+24                        1e-18 
    778.          4e-01                    1e+25                        1e-18 
    889.          0e+00                    0e+00                        1e-18 
    889.          4e-25                    1e+01                        1e-18 
    889.          4e-24                    1e+02                        1e-18 
    889.          4e-23                    1e+03                        1e-18 
    889.          4e-22                    1e+04                        1e-18 
    889.          4e-21                    1e+05                        1e-18 
    889.          4e-20                    1e+06                        1e-18 
    889.          4e-19                    1e+07                        1e-18 
    889.          4e-18                    1e+08                        1e-18 
    889.          4e-17                    1e+09                        1e-18 
    889.          4e-16                    1e+10                        1e-18 
    889.          4e-15                    1e+11                        1e-18 
    889.          4e-14                    1e+12                        1e-18 
    889.          4e-13                    1e+13                        1e-18 
    889.          4e-12                    1e+14                        1e-18 
    889.          4e-11                    1e+15                        1e-18 
    889.          4e-10                    1e+16                        1e-18 
    889.          4e-09                    1e+17                        1e-18 
    889.          4e-08                    1e+18                        1e-18 
    889.          4e-07                    1e+19                        1e-18 
    889.          4e-06                    1e+20                        1e-18 
    889.          4e-05                    1e+21                        1e-18 
    889.          4e-04                    1e+22                        1e-18 
    889.          4e-03                    1e+23                        1e-18 
    889.          4e-02                    1e+24                        1e-18 
    889.          4e-01                    1e+25                        1e-18 
   1000.          0e+00                    0e+00                        1e-18 
   1000.          4e-25                    1e+01                        1e-18 
   1000.          4e-24                    1e+02                        1e-18 
   1000.          4e-23                    1e+03                        1e-18 
   1000.          4e-22                    1e+04                        1e-18 
   1000.          4e-21                    1e+05                        1e-18 
   1000.          4e-20                    1e+06                        1e-18 
   1000.          4e-19                    1e+07                        1e-18 
   1000.          4e-18                    1e+08                        1e-18 
   1000.          4e-17                    1e+09                        1e-18 
   1000.          4e-16                    1e+10                        1e-18 
   1000.          4e-15                    1e+11                        1e-18 
   1000.          4e-14                    1e+12                        1e-18 
   1000.          4e-13                    1e+13                        1e-18 
   1000.          4e-12                    1e+14                        1e-18 
   1000.          4e-11                    1e+15                        1e-18 
   1000.          4e-10                    1e+16                        1e-18 
   1000.          4e-09                    1e+17                        1e-18 
   1000.          4e-08                    1e+18                        1e-18 
   1000.          4e-07                    1e+19                        1e-18 
   1000.          4e-06                    1e+20                        1e-18 
   1000.          4e-05                    1e+21                        1e-18 
   1000.          4e-04                    1e+22                        1e-18 
   1000.          4e-03                    1e+23                        1e-18 
   1000.          4e-02                    1e+24                        1e-18 
   1000.          4e-01                    1e+25                        1e-18 
      1.          0e+00                    0e+00                        1e-17 
      1.          4e-25                    1e+01                        1e-17 
      1.          4e-24                    1e+02                        1e-17 
      1.          4e-23                    1e+03                        1e-17 
      1.          4e-22                    1e+04                        1e-17 
      1.          4e-21                    1e+05                        1e-17 
      1.          4e-20                    1e+06                        1e-17 
      1.          4e-19                    1e+07                        1e-17 
      1.          4e-18                    1e+08                        1e-17 
      1.          4e-17                    1e+09                        1e-17 
      1.          4e-16                    1e+10                        1e-17 
      1.          4e-15                    1e+11                        1e-17 
      1.          4e-14                    1e+12                        1e-17 
      1.          4e-13                    1e+13                        1e-17 
      1.          4e-12                    1e+14                        1e-17 
      1.          4e-11                    1e+15                        1e-17 
      1.          4e-10                    1e+16                        1e-17 
      1.          4e-09                    1e+17                        1e-17 
      1.          4e-08                    1e+18                        1e-17 
      1.          4e-07                    1e+19                        1e-17 
      1.          4e-06                    1e+20                        1e-17 
      1.          4e-05                    1e+21                        1e-17 
      1.          4e-04                    1e+22                        1e-17 
      1.          4e-03                    1e+23                        1e-17 
      1.          4e-02                    1e+24                        1e-17 
      1.          4e-01                    1e+25                        1e-17 
    112.          0e+00                    0e+00                        1e-17 
    112.          4e-25                    1e+01                        1e-17 
    112.          4e-24                    1e+02                        1e-17 
    112.          4e-23                    1e+03                        1e-17 
    112.          4e-22                    1e+04                        1e-17 
    112.          4e-21                    1e+05                        1e-17 
    112.          4e-20                    1e+06                        1e-17 
    112.          4e-19                    1e+07                        1e-17 
    112.          4e-18                    1e+08                        1e-17 
    112.          4e-17                    1e+09                        1e-17 
    112.          4e-16                    1e+10                        1e-17 
    112.          4e-15                    1e+11                        1e-17 
    112.          4e-14                    1e+12                        1e-17 
    112.          4e-13                    1e+13                        1e-17 
    112.          4e-12                    1e+14                        1e-17 
    112.          4e-11                    1e+15                        1e-17 
    112.          4e-10                    1e+16                        1e-17 
    112.          4e-09                    1e+17                        1e-17 
    112.          4e-08                    1e+18                        1e-17 
    112.          4e-07                    1e+19                        1e-17 
    112.          4e-06                    1e+20                        1e-17 
    112.          4e-05                    1e+21                        1e-17 
    112.          4e-04                    1e+22                        1e-17 
    112.          4e-03                    1e+23                        1e-17 
    112.          4e-02                    1e+24                        1e-17 
    112.          4e-01                    1e+25                        1e-17 
    223.          0e+00                    0e+00                        1e-17 
    223.          4e-25                    1e+01                        1e-17 
    223.          4e-24                    1e+02                        1e-17 
    223.          4e-23                    1e+03                        1e-17 
    223.          4e-22                    1e+04                        1e-17 
    223.          4e-21                    1e+05                        1e-17 
    223.          4e-20                    1e+06                        1e-17 
    223.          4e-19                    1e+07                        1e-17 
    223.          4e-18                    1e+08                        1e-17 
    223.          4e-17                    1e+09                        1e-17 
    223.          4e-16                    1e+10                        1e-17 
    223.          4e-15                    1e+11                        1e-17 
    223.          4e-14                    1e+12                        1e-17 
    223.          4e-13                    1e+13                        1e-17 
    223.          4e-12                    1e+14                        1e-17 
    223.          4e-11                    1e+15                        1e-17 
    223.          4e-10                    1e+16                        1e-17 
    223.          4e-09                    1e+17                        1e-17 
    223.          4e-08                    1e+18                        1e-17 
    223.          4e-07                    1e+19                        1e-17 
    223.          4e-06                    1e+20                        1e-17 
    223.          4e-05                    1e+21                        1e-17 
    223.          4e-04                    1e+22                        1e-17 
    223.          4e-03                    1e+23                        1e-17 
    223.          4e-02                    1e+24                        1e-17 
    223.          4e-01                    1e+25                        1e-17 
    334.          0e+00                    0e+00                        1e-17 
    334.          4e-25                    1e+01                        1e-17 
    334.          4e-24                    1e+02                        1e-17 
    334.          4e-23                    1e+03                        1e-17 
    334.          4e-22                    1e+04                        1e-17 
    334.          4e-21                    1e+05                        1e-17 
    334.          4e-20                    1e+06                        1e-17 
    334.          4e-19                    1e+07                        1e-17 
    334.          4e-18                    1e+08                        1e-17 
    334.          4e-17                    1e+09                        1e-17 
    334.          4e-16                    1e+10                        1e-17 
    334.          4e-15                    1e+11                        1e-17 
    334.          4e-14                    1e+12                        1e-17 
    334.          4e-13                    1e+13                        1e-17 
    334.          4e-12                    1e+14                        1e-17 
    334.          4e-11                    1e+15                        1e-17 
    334.          4e-10                    1e+16                        1e-17 
    334.          4e-09                    1e+17                        1e-17 
    334.          4e-08                    1e+18                        1e-17 
    334.          4e-07                    1e+19                        1e-17 
    334.          4e-06                    1e+20                        1e-17 
    334.          4e-05                    1e+21                        1e-17 
    334.          4e-04                    1e+22                        1e-17 
    334.          4e-03                    1e+23                        1e-17 
    334.          4e-02                    1e+24                        1e-17 
    334.          4e-01                    1e+25                        1e-17 
    445.          0e+00                    0e+00                        1e-17 
    445.          4e-25                    1e+01                        1e-17 
    445.          4e-24                    1e+02                        1e-17 
    445.          4e-23                    1e+03                        1e-17 
    445.          4e-22                    1e+04                        1e-17 
    445.          4e-21                    1e+05                        1e-17 
    445.          4e-20                    1e+06                        1e-17 
    445.          4e-19                    1e+07                        1e-17 
    445.          4e-18                    1e+08                        1e-17 
    445.          4e-17                    1e+09                        1e-17 
    445.          4e-16                    1e+10                        1e-17 
    445.          4e-15                    1e+11                        1e-17 
    445.          4e-14                    1e+12                        1e-17 
    445.          4e-13                    1e+13                        1e-17 
    445.          4e-12                    1e+14                        1e-17 
    445.          4e-11                    1e+15                        1e-17 
    445.          4e-10                    1e+16                        1e-17 
    445.          4e-09                    1e+17                        1e-17 
    445.          4e-08                    1e+18                        1e-17 
    445.          4e-07                    1e+19                        1e-17 
    445.          4e-06                    1e+20                        1e-17 
    445.          4e-05                    1e+21                        1e-17 
    445.          4e-04                    1e+22                        1e-17 
    445.          4e-03                    1e+23                        1e-17 
    445.          4e-02                    1e+24                        1e-17 
    445.          4e-01                    1e+25                        1e-17 
    556.          0e+00                    0e+00                        1e-17 
    556.          4e-25                    1e+01                        1e-17 
    556.          4e-24                    1e+02                        1e-17 
    556.          4e-23                    1e+03                        1e-17 
    556.          4e-22                    1e+04                        1e-17 
    556.          4e-21                    1e+05                        1e-17 
    556.          4e-20                    1e+06                        1e-17 
    556.          4e-19                    1e+07                        1e-17 
    556.          4e-18                    1e+08                        1e-17 
    556.          4e-17                    1e+09                        1e-17 
    556.          4e-16                    1e+10                        1e-17 
    556.          4e-15                    1e+11                        1e-17 
    556.          4e-14                    1e+12                        1e-17 
    556.          4e-13                    1e+13                        1e-17 
    556.          4e-12                    1e+14                        1e-17 
    556.          4e-11                    1e+15                        1e-17 
    556.          4e-10                    1e+16                        1e-17 
    556.          4e-09                    1e+17                        1e-17 
    556.          4e-08                    1e+18                        1e-17 
    556.          4e-07                    1e+19                        1e-17 
    556.          4e-06                    1e+20                        1e-17 
    556.          4e-05                    1e+21                        1e-17 
    556.          4e-04                    1e+22                        1e-17 
    556.          4e-03                    1e+23                        1e-17 
    556.          4e-02                    1e+24                        1e-17 
    556.          4e-01                    1e+25                        1e-17 
    667.          0e+00                    0e+00                        1e-17 
    667.          4e-25                    1e+01                        1e-17 
    667.          4e-24                    1e+02                        1e-17 
    667.          4e-23                    1e+03                        1e-17 
    667.          4e-22                    1e+04                        1e-17 
    667.          4e-21                    1e+05                        1e-17 
    667.          4e-20                    1e+06                        1e-17 
    667.          4e-19                    1e+07                        1e-17 
    667.          4e-18                    1e+08                        1e-17 
    667.          4e-17                    1e+09                        1e-17 
    667.          4e-16                    1e+10                        1e-17 
    667.          4e-15                    1e+11                        1e-17 
    667.          4e-14                    1e+12                        1e-17 
    667.          4e-13                    1e+13                        1e-17 
    667.          4e-12                    1e+14                        1e-17 
    667.          4e-11                    1e+15                        1e-17 
    667.          4e-10                    1e+16                        1e-17 
    667.          4e-09                    1e+17                        1e-17 
    667.          4e-08                    1e+18                        1e-17 
    667.          4e-07                    1e+19                        1e-17 
    667.          4e-06                    1e+20                        1e-17 
    667.          4e-05                    1e+21                        1e-17 
    667.          4e-04                    1e+22                        1e-17 
    667.          4e-03                    1e+23                        1e-17 
    667.          4e-02                    1e+24                        1e-17 
    667.          4e-01                    1e+25                        1e-17 
    778.          0e+00                    0e+00                        1e-17 
    778.          4e-25                    1e+01                        1e-17 
    778.          4e-24                    1e+02                        1e-17 
    778.          4e-23                    1e+03                        1e-17 
    778.          4e-22                    1e+04                        1e-17 
    778.          4e-21                    1e+05                        1e-17 
    778.          4e-20                    1e+06                        1e-17 
    778.          4e-19                    1e+07                        1e-17 
    778.          4e-18                    1e+08                        1e-17 
    778.          4e-17                    1e+09                        1e-17 
    778.          4e-16                    1e+10                        1e-17 
    778.          4e-15                    1e+11                        1e-17 
    778.          4e-14                    1e+12                        1e-17 
    778.          4e-13                    1e+13                        1e-17 
    778.          4e-12                    1e+14                        1e-17 
    778.          4e-11                    1e+15                        1e-17 
    778.          4e-10                    1e+16                        1e-17 
    778.          4e-09                    1e+17                        1e-17 
    778.          4e-08                    1e+18                        1e-17 
    778.          4e-07                    1e+19                        1e-17 
    778.          4e-06                    1e+20                        1e-17 
    778.          4e-05                    1e+21                        1e-17 
    778.          4e-04                    1e+22                        1e-17 
    778.          4e-03                    1e+23                        1e-17 
    778.          4e-02                    1e+24                        1e-17 
    778.          4e-01                    1e+25                        1e-17 
    889.          0e+00                    0e+00                        1e-17 
    889.          4e-25                    1e+01                        1e-17 
    889.          4e-24                    1e+02                        1e-17 
    889.          4e-23                    1e+03                        1e-17 
    889.          4e-22                    1e+04                        1e-17 
    889.          4e-21                    1e+05                        1e-17 
    889.          4e-20                    1e+06                        1e-17 
    889.          4e-19                    1e+07                        1e-17 
    889.          4e-18                    1e+08                        1e-17 
    889.          4e-17                    1e+09                        1e-17 
    889.          4e-16                    1e+10                        1e-17 
    889.          4e-15                    1e+11                        1e-17 
    889.          4e-14                    1e+12                        1e-17 
    889.          4e-13                    1e+13                        1e-17 
    889.          4e-12                    1e+14                        1e-17 
    889.          4e-11                    1e+15                        1e-17 
    889.          4e-10                    1e+16                        1e-17 
    889.          4e-09                    1e+17                        1e-17 
    889.          4e-08                    1e+18                        1e-17 
    889.          4e-07                    1e+19                        1e-17 
    889.          4e-06                    1e+20                        1e-17 
    889.          4e-05                    1e+21                        1e-17 
    889.          4e-04                    1e+22                        1e-17 
    889.          4e-03                    1e+23                        1e-17 
    889.          4e-02                    1e+24                        1e-17 
    889.          4e-01                    1e+25                        1e-17 
   1000.          0e+00                    0e+00                        1e-17 
   1000.          4e-25                    1e+01                        1e-17 
   1000.          4e-24                    1e+02                        1e-17 
   1000.          4e-23                    1e+03                        1e-17 
   1000.          4e-22                    1e+04                        1e-17 
   1000.          4e-21                    1e+05                        1e-17 
   1000.          4e-20                    1e+06                        1e-17 
   1000.          4e-19                    1e+07                        1e-17 
   1000.          4e-18                    1e+08                        1e-17 
   1000.          4e-17                    1e+09                        1e-17 
   1000.          4e-16                    1e+10                        1e-17 
   1000.          4e-15                    1e+11                        1e-17 
   1000.          4e-14                    1e+12                        1e-17 
   1000.          4e-13                    1e+13                        1e-17 
   1000.          4e-12                    1e+14                        1e-17 
   1000.          4e-11                    1e+15                        1e-17 
   1000.          4e-10                    1e+16                        1e-17 
   1000.          4e-09                    1e+17                        1e-17 
   1000.          4e-08                    1e+18                        1e-17 
   1000.          4e-07                    1e+19                        1e-17 
   1000.          4e-06                    1e+20                        1e-17 
   1000.          4e-05                    1e+21                        1e-17 
   1000.          4e-04                    1e+22                        1e-17 
   1000.          4e-03                    1e+23                        1e-17 
   1000.          4e-02                    1e+24                        1e-17 
   1000.          4e-01                    1e+25                        1e-17 
      1.          0e+00                    0e+00                        1e-16 
      1.          4e-25                    1e+01                        1e-16 
      1.          4e-24                    1e+02                        1e-16 
      1.          4e-23                    1e+03                        1e-16 
      1.          4e-22                    1e+04                        1e-16 
      1.          4e-21                    1e+05                        1e-16 
      1.          4e-20                    1e+06                        1e-16 
      1.          4e-19                    1e+07                        1e-16 
      1.          4e-18                    1e+08                        1e-16 
      1.          4e-17                    1e+09                        1e-16 
      1.          4e-16                    1e+10                        1e-16 
      1.          4e-15                    1e+11                        1e-16 
      1.          4e-14                    1e+12                        1e-16 
      1.          4e-13                    1e+13                        1e-16 
      1.          4e-12                    1e+14                        1e-16 
      1.          4e-11                    1e+15                        1e-16 
      1.          4e-10                    1e+16                        1e-16 
      1.          4e-09                    1e+17                        1e-16 
      1.          4e-08                    1e+18                        1e-16 
      1.          4e-07                    1e+19                        1e-16 
      1.          4e-06                    1e+20                        1e-16 
      1.          4e-05                    1e+21                        1e-16 
      1.          4e-04                    1e+22                        1e-16 
      1.          4e-03                    1e+23                        1e-16 
      1.          4e-02                    1e+24                        1e-16 
      1.          4e-01                    1e+25                        1e-16 
    112.          0e+00                    0e+00                        1e-16 
    112.          4e-25                    1e+01                        1e-16 
    112.          4e-24                    1e+02                        1e-16 
    112.          4e-23                    1e+03                        1e-16 
    112.          4e-22                    1e+04                        1e-16 
    112.          4e-21                    1e+05                        1e-16 
    112.          4e-20                    1e+06                        1e-16 
    112.          4e-19                    1e+07                        1e-16 
    112.          4e-18                    1e+08                        1e-16 
    112.          4e-17                    1e+09                        1e-16 
    112.          4e-16                    1e+10                        1e-16 
    112.          4e-15                    1e+11                        1e-16 
    112.          4e-14                    1e+12                        1e-16 
    112.          4e-13                    1e+13                        1e-16 
    112.          4e-12                    1e+14                        1e-16 
    112.          4e-11                    1e+15                        1e-16 
    112.          4e-10                    1e+16                        1e-16 
    112.          4e-09                    1e+17                        1e-16 
    112.          4e-08                    1e+18                        1e-16 
    112.          4e-07                    1e+19                        1e-16 
    112.          4e-06                    1e+20                        1e-16 
    112.          4e-05                    1e+21                        1e-16 
    112.          4e-04                    1e+22                        1e-16 
    112.          4e-03                    1e+23                        1e-16 
    112.          4e-02                    1e+24                        1e-16 
    112.          4e-01                    1e+25                        1e-16 
    223.          0e+00                    0e+00                        1e-16 
    223.          4e-25                    1e+01                        1e-16 
    223.          4e-24                    1e+02                        1e-16 
    223.          4e-23                    1e+03                        1e-16 
    223.          4e-22                    1e+04                        1e-16 
    223.          4e-21                    1e+05                        1e-16 
    223.          4e-20                    1e+06                        1e-16 
    223.          4e-19                    1e+07                        1e-16 
    223.          4e-18                    1e+08                        1e-16 
    223.          4e-17                    1e+09                        1e-16 
    223.          4e-16                    1e+10                        1e-16 
    223.          4e-15                    1e+11                        1e-16 
    223.          4e-14                    1e+12                        1e-16 
    223.          4e-13                    1e+13                        1e-16 
    223.          4e-12                    1e+14                        1e-16 
    223.          4e-11                    1e+15                        1e-16 
    223.          4e-10                    1e+16                        1e-16 
    223.          4e-09                    1e+17                        1e-16 
    223.          4e-08                    1e+18                        1e-16 
    223.          4e-07                    1e+19                        1e-16 
    223.          4e-06                    1e+20                        1e-16 
    223.          4e-05                    1e+21                        1e-16 
    223.          4e-04                    1e+22                        1e-16 
    223.          4e-03                    1e+23                        1e-16 
    223.          4e-02                    1e+24                        1e-16 
    223.          4e-01                    1e+25                        1e-16 
    334.          0e+00                    0e+00                        1e-16 
    334.          4e-25                    1e+01                        1e-16 
    334.          4e-24                    1e+02                        1e-16 
    334.          4e-23                    1e+03                        1e-16 
    334.          4e-22                    1e+04                        1e-16 
    334.          4e-21                    1e+05                        1e-16 
    334.          4e-20                    1e+06                        1e-16 
    334.          4e-19                    1e+07                        1e-16 
    334.          4e-18                    1e+08                        1e-16 
    334.          4e-17                    1e+09                        1e-16 
    334.          4e-16                    1e+10                        1e-16 
    334.          4e-15                    1e+11                        1e-16 
    334.          4e-14                    1e+12                        1e-16 
    334.          4e-13                    1e+13                        1e-16 
    334.          4e-12                    1e+14                        1e-16 
    334.          4e-11                    1e+15                        1e-16 
    334.          4e-10                    1e+16                        1e-16 
    334.          4e-09                    1e+17                        1e-16 
    334.          4e-08                    1e+18                        1e-16 
    334.          4e-07                    1e+19                        1e-16 
    334.          4e-06                    1e+20                        1e-16 
    334.          4e-05                    1e+21                        1e-16 
    334.          4e-04                    1e+22                        1e-16 
    334.          4e-03                    1e+23                        1e-16 
    334.          4e-02                    1e+24                        1e-16 
    334.          4e-01                    1e+25                        1e-16 
    445.          0e+00                    0e+00                        1e-16 
    445.          4e-25                    1e+01                        1e-16 
    445.          4e-24                    1e+02                        1e-16 
    445.          4e-23                    1e+03                        1e-16 
    445.          4e-22                    1e+04                        1e-16 
    445.          4e-21                    1e+05                        1e-16 
    445.          4e-20                    1e+06                        1e-16 
    445.          4e-19                    1e+07                        1e-16 
    445.          4e-18                    1e+08                        1e-16 
    445.          4e-17                    1e+09                        1e-16 
    445.          4e-16                    1e+10                        1e-16 
    445.          4e-15                    1e+11                        1e-16 
    445.          4e-14                    1e+12                        1e-16 
    445.          4e-13                    1e+13                        1e-16 
    445.          4e-12                    1e+14                        1e-16 
    445.          4e-11                    1e+15                        1e-16 
    445.          4e-10                    1e+16                        1e-16 
    445.          4e-09                    1e+17                        1e-16 
    445.          4e-08                    1e+18                        1e-16 
    445.          4e-07                    1e+19                        1e-16 
    445.          4e-06                    1e+20                        1e-16 
    445.          4e-05                    1e+21                        1e-16 
    445.          4e-04                    1e+22                        1e-16 
    445.          4e-03                    1e+23                        1e-16 
    445.          4e-02                    1e+24                        1e-16 
    445.          4e-01                    1e+25                        1e-16 
    556.          0e+00                    0e+00                        1e-16 
    556.          4e-25                    1e+01                        1e-16 
    556.          4e-24                    1e+02                        1e-16 
    556.          4e-23                    1e+03                        1e-16 
    556.          4e-22                    1e+04                        1e-16 
    556.          4e-21                    1e+05                        1e-16 
    556.          4e-20                    1e+06                        1e-16 
    556.          4e-19                    1e+07                        1e-16 
    556.          4e-18                    1e+08                        1e-16 
    556.          4e-17                    1e+09                        1e-16 
    556.          4e-16                    1e+10                        1e-16 
    556.          4e-15                    1e+11                        1e-16 
    556.          4e-14                    1e+12                        1e-16 
    556.          4e-13                    1e+13                        1e-16 
    556.          4e-12                    1e+14                        1e-16 
    556.          4e-11                    1e+15                        1e-16 
    556.          4e-10                    1e+16                        1e-16 
    556.          4e-09                    1e+17                        1e-16 
    556.          4e-08                    1e+18                        1e-16 
    556.          4e-07                    1e+19                        1e-16 
    556.          4e-06                    1e+20                        1e-16 
    556.          4e-05                    1e+21                        1e-16 
    556.          4e-04                    1e+22                        1e-16 
    556.          4e-03                    1e+23                        1e-16 
    556.          4e-02                    1e+24                        1e-16 
    556.          4e-01                    1e+25                        1e-16 
    667.          0e+00                    0e+00                        1e-16 
    667.          4e-25                    1e+01                        1e-16 
    667.          4e-24                    1e+02                        1e-16 
    667.          4e-23                    1e+03                        1e-16 
    667.          4e-22                    1e+04                        1e-16 
    667.          4e-21                    1e+05                        1e-16 
    667.          4e-20                    1e+06                        1e-16 
    667.          4e-19                    1e+07                        1e-16 
    667.          4e-18                    1e+08                        1e-16 
    667.          4e-17                    1e+09                        1e-16 
    667.          4e-16                    1e+10                        1e-16 
    667.          4e-15                    1e+11                        1e-16 
    667.          4e-14                    1e+12                        1e-16 
    667.          4e-13                    1e+13                        1e-16 
    667.          4e-12                    1e+14                        1e-16 
    667.          4e-11                    1e+15                        1e-16 
    667.          4e-10                    1e+16                        1e-16 
    667.          4e-09                    1e+17                        1e-16 
    667.          4e-08                    1e+18                        1e-16 
    667.          4e-07                    1e+19                        1e-16 
    667.          4e-06                    1e+20                        1e-16 
    667.          4e-05                    1e+21                        1e-16 
    667.          4e-04                    1e+22                        1e-16 
    667.          4e-03                    1e+23                        1e-16 
    667.          4e-02                    1e+24                        1e-16 
    667.          4e-01                    1e+25                        1e-16 
    778.          0e+00                    0e+00                        1e-16 
    778.          4e-25                    1e+01                        1e-16 
    778.          4e-24                    1e+02                        1e-16 
    778.          4e-23                    1e+03                        1e-16 
    778.          4e-22                    1e+04                        1e-16 
    778.          4e-21                    1e+05                        1e-16 
    778.          4e-20                    1e+06                        1e-16 
    778.          4e-19                    1e+07                        1e-16 
    778.          4e-18                    1e+08                        1e-16 
    778.          4e-17                    1e+09                        1e-16 
    778.          4e-16                    1e+10                        1e-16 
    778.          4e-15                    1e+11                        1e-16 
    778.          4e-14                    1e+12                        1e-16 
    778.          4e-13                    1e+13                        1e-16 
    778.          4e-12                    1e+14                        1e-16 
    778.          4e-11                    1e+15                        1e-16 
    778.          4e-10                    1e+16                        1e-16 
    778.          4e-09                    1e+17                        1e-16 
    778.          4e-08                    1e+18                        1e-16 
    778.          4e-07                    1e+19                        1e-16 
    778.          4e-06                    1e+20                        1e-16 
    778.          4e-05                    1e+21                        1e-16 
    778.          4e-04                    1e+22                        1e-16 
    778.          4e-03                    1e+23                        1e-16 
    778.          4e-02                    1e+24                        1e-16 
    778.          4e-01                    1e+25                        1e-16 
    889.          0e+00                    0e+00                        1e-16 
    889.          4e-25                    1e+01                        1e-16 
    889.          4e-24                    1e+02                        1e-16 
    889.          4e-23                    1e+03                        1e-16 
    889.          4e-22                    1e+04                        1e-16 
    889.          4e-21                    1e+05                        1e-16 
    889.          4e-20                    1e+06                        1e-16 
    889.          4e-19                    1e+07                        1e-16 
    889.          4e-18                    1e+08                        1e-16 
    889.          4e-17                    1e+09                        1e-16 
    889.          4e-16                    1e+10                        1e-16 
    889.          4e-15                    1e+11                        1e-16 
