
 0
 0
 0
 0
 0
 0
 0
 0
 0
 0
 0
 0
 0
 0
 0
 0
 0
 0
 0
 0
 0
 0
 0
 0
 0
 0
 0
 0
 0
 0
 0
 0
 0
 0
 0
 0
 0
 0
 0
 0
 0
 0
 0
 0
 0
 0
 0
 0
 0
 0
 0
 0
 0
 0
 0
 0
 0
 0
 0
 0
 0
 0
 0
 0
 0
 0
 0
 0
 0
 0
 0
 0
 0
 0
 0
 0
 0
 0
 0
 0
 0
 0
 0
 0
 0
 0
 0
 0
 0
 0
 0
 0
 0
 0
 0
 0
 0
 0
 0
 0
 0
 0
 0
 0
 0
 0
 0
 0
 0
 0
 0
 0
 0
 0
 0
 0
 0
 0
 0
 0
 0
 0
 0
 0
 0
 0
 0
 0
 0
 0
 0
 0
 0
 0
 0
 0
 0
 0
 0
 0
 0
 0
 0
 0
 0
 0
 0
 0
 0
 0
 0
 0
 0
 0
 0
 0
 0
 0
 0
 0
 0
 0
 0
 0
 0
 0
 0
 0
 0
 0
 0
 0
 0
 0
 0
 0
 0
 0
 0
 0
 0
 0
 0
 0
 0
 0
 0
 0
 0
 0
 0
 0
 0
 0
 0
 0
 0
 0
 0
 0
 0
 0
 0
 0
 0
 0
 0
 0
 0
 0
 0
 0
 0
 0
 0
 0
 0
 0
 0
 0
 0
 0
 0
 0
 0
 0
 0
 0
 0
 0
 0
 0
 0
 0
 0
 0
 0
 0
 0
 0
 0
 0
 0
 0
 0
 0
 0
 0
 0
 0
 0
 0
 0
 0
 0
 0
 0
 0
 0
 0
 0
 0
 0
 0
 0
 0
 0
 0
 0
 2.4999996716514284e+25
 2.4999996678724928e+25
 2.4999996590550091e+25
 2.4999996735412531e+25
 2.4999996668809116e+25
 2.4999996584454369e+25
 2.4999996534593668e+25
 2.4999996519460188e+25
 2.4999996522234784e+25
 2.4999996527243068e+25
 2.4999996422469531e+25
 2.4999996420697136e+25
 2.4999996346344745e+25
 2.4999996269771195e+25
 2.4999996270693337e+25
 2.4999996172317227e+25
 2.4999996075546438e+25
 2.4999995974319952e+25
 2.4999995861007741e+25
 2.4999995861382679e+25
 2.4999995864469949e+25
 2.4999995783851441e+25
 2.4999995701463093e+25
 2.4999995538695292e+25
 2.4999995594292424e+25
 2.4999995616691043e+25
 2.4999995526024627e+25
 2.4999995450721034e+25
 2.4999995445801897e+25
 2.4999995508040092e+25
 2.4999995454561023e+25
 2.4999995362446091e+25
 2.4999995355930496e+25
 2.499999526403858e+25
 2.4999995366256594e+25
 2.4999995202488052e+25
 2.4999995110241015e+25
 2.4999994925828975e+25
 2.4999994719459671e+25
 2.4999994658132189e+25
 2.4999994340722724e+25
 2.499999404450995e+25
 2.4999993783251023e+25
 2.4999993631773875e+25
 2.4999993555183415e+25
 2.4999993556140965e+25
 2.4999993782870717e+25
 2.4999993892429526e+25
 2.4999993678900317e+25
 2.4999993521131407e+25
 2.4999993315440084e+25
 2.499999326860883e+25
 2.4999992926579007e+25
 2.4999992616220203e+25
 2.4999992134106899e+25
 2.4999991762984169e+25
 2.4999991668065984e+25
 2.4999991399472031e+25
 2.4999990861489084e+25
 2.4999990305032597e+25
 2.4999988998372931e+25
 2.4999987884006888e+25
 2.4999986462826996e+25
 2.4999985130718095e+25
 2.4999984564526648e+25
 2.4999984065735878e+25
 2.4999983314874014e+25
 2.499998296750394e+25
 2.4999982016814922e+25
 2.4999982103481877e+25
 2.4999981677207086e+25
 2.4999983115539767e+25
 2.4999985427322686e+25
 2.4999987603787008e+25
 2.4999989791517017e+25
 2.4999990649605741e+25
 2.4999990936026544e+25
 2.4999991031396478e+25
 2.4999990880970892e+25
 2.4999990628977786e+25
 2.4999990482677293e+25
 2.4999990156222326e+25
 2.4999990355553099e+25
 2.499999043563273e+25
 2.4999990814827769e+25
 2.4999990721332571e+25
 2.4999990291201887e+25
 2.4999989838441244e+25
 2.4999988814677674e+25
 2.4999987652797675e+25
 2.4999986261771726e+25
 2.4999985303972067e+25
 2.4999984999340139e+25
 2.4999985316939905e+25
 2.4999985691902125e+25
 2.4999984163170329e+25
 2.4999981843059825e+25
 2.4999978747859701e+25
 2.4999975584148545e+25
 2.4999972474776601e+25
 2.4999968530006215e+25
 2.4999964740198889e+25
 2.4999959151843076e+25
 2.4999961880295177e+25
 2.4999967894387077e+25
 2.4999972789603541e+25
 2.4999978543626319e+25
 2.4999984339915599e+25
 2.4999988428923446e+25
 2.4999988009001281e+25
 2.4999985655218762e+25
 2.4999982533490313e+25
 2.4999978964750911e+25
 2.4999975966620704e+25
 2.4999972282963246e+25
 2.499996583552024e+25
 2.499995775178689e+25
 2.4999941619928346e+25
 2.4999898495507607e+25
 2.4999788264776818e+25
 2.4999655193682529e+25
 2.4999707444194919e+25
 2.4999815784517435e+25
 2.4999897365537376e+25
 2.4999942616843479e+25
 2.499996384004803e+25
 2.4999976620636046e+25
 2.4999984606603497e+25
 2.4999987785471925e+25
 2.4999972511442913e+25
 2.4999985452373491e+25
 0
 3.8683974099690108e-17
 2.2096892324255348e-16
 9.8581644081657454e-16
 2.9864891517267667e-15
 7.4641376718774387e-15
 1.6268591588220623e-14
 3.0809241163770125e-14
 5.195255700488644e-14
 7.9389181562041034e-14
 1.1118471270612838e-13
 1.439699220097983e-13
 1.7364829098127409e-13
 1.9646028235435555e-13
 2.0905096880299344e-13
 2.0988597424446439e-13
 1.9968719295860661e-13
 1.8021106396068838e-13
 2.093001552079684e-13
 1.7508582287170606e-13
 1.397340437590468e-13
 1.5265572074992345e-13
 1.1447411053525111e-13
 1.2279458873041053e-13
 8.7149875860577642e-14
 5.8787779165657973e-14
 6.1875044059329175e-14
 3.9512794387115253e-14
 4.123115194807039e-14
 4.3315728409326101e-14
 2.6109342521441574e-14
 2.7249933813593809e-14
 1.5890829826963106e-14
 1.6595232306668361e-14
 9.6601583667147902e-15
 1.0044858649508144e-14
 6.5329152137692971e-15
 6.6884197689310082e-15
 6.9286013761524528e-15
 5.3933691916699496e-15
 5.492366524611738e-15
 5.7964773918600113e-15
 5.2462194229386327e-15
 5.4000889736142466e-15
 5.5496861939583679e-15
 5.3762345993946425e-15
 5.4640742171339702e-15
 5.6660665032692037e-15
 6.0025275522358217e-15
 5.8421075869181108e-15
 5.9232280198091929e-15
 5.994206417091577e-15
 6.21803254382866e-15
 6.4320062568505036e-15
 6.191255564285417e-15
 6.3521153829391888e-15
 6.7138052185675629e-15
 6.5775235833768861e-15
 6.6941258134466703e-15
 6.8515514399522301e-15
 7.161643155915673e-15
 7.5365392755556146e-15
 5.9429091435702286e-15
 6.1963930658965948e-15
 6.3504834863095146e-15
 6.3541558595541223e-15
 6.5455643227443538e-15
 6.7514325974532135e-15
 6.9000735456809829e-15
 6.9921538857712101e-15
 7.25720188881812e-15
 7.6788344008266349e-15
 7.5423670067073751e-15
 7.9039381909754982e-15
 2.7806954241788483e-15
 2.8912171849267963e-15
 2.971532495558377e-15
 3.0349425047840658e-15
 3.0905097284199852e-15
 3.2261354862320639e-15
 3.2844182935517024e-15
 3.4760461037971394e-15
 3.6498458850130058e-15
 3.7342861464446087e-15
 3.9291639501502814e-15
 4.1311058681060074e-15
 4.3584067964808421e-15
 4.6597417786661158e-15
 4.796708673017438e-15
 4.8649355338492181e-15
 1.5232868481829535e-14
 1.5773869769410422e-14
 1.6629413261367758e-14
 1.665914198581456e-14
 1.6823355460219224e-14
 1.7454981641228285e-14
 1.8059203871917974e-14
 6.073003272652963e-15
 6.092463850298541e-15
 6.3353729320237356e-15
 6.6340675266276612e-15
 6.7780595790412346e-15
 7.0640460187971694e-15
 7.0249890772190341e-15
 7.4064533155261959e-15
 7.6873780862745415e-15
 8.1374622383826962e-15
 8.6384467728515385e-15
 8.8865489174457143e-15
 9.6137148683540682e-15
 3.0814099598156077e-16
 3.3563327277165376e-16
 3.5218620503527998e-16
 3.6076671900113209e-16
 3.6081202997002971e-16
 3.3599992031194159e-16
 3.2437588494360237e-16
 3.473490835479129e-16
 3.6489864386248143e-16
 3.8847135188600154e-16
 3.9393850197080659e-16
 4.3511390168943045e-16
 4.7396470904033814e-16
 5.3721543506751822e-16
 5.8889910069060821e-16
 6.0311724443290232e-16
 6.4279637357079898e-16
 7.2525453567833289e-16
 8.1492300086294174e-16
 1.0462839214268778e-15
 1.2640018026136335e-15
 1.5640647600848814e-15
 1.8727546123464781e-15
 2.0090341356725677e-15
 2.1194805163508653e-15
 2.3144820696825451e-15
 2.3988180543357248e-15
 5.1063491910008403e-14
 5.1364720766337504e-14
 5.3399487547570527e-14
 4.9145657055393526e-14
 4.2149740019480824e-14
 3.5616949117511987e-14
 2.9070308352467196e-14
 2.6610734051189017e-14
 2.5942083899282949e-14
 2.5911101493257821e-14
 2.6631832517151818e-14
 2.7562829147453559e-14
 2.8297883934473098e-14
 2.9952971299232791e-14
 2.9619393787003289e-14
 2.9466157196791574e-14
 2.841940557279936e-14
 2.9010091441625808e-14
 3.0671748522786564e-14
 3.241756917442249e-14
 3.6235255275576744e-14
 4.0690221628137147e-14
 4.6072786252676272e-14
 1.4915180248881771e-13
 1.5332508508809111e-13
 1.5081739429360846e-13
 1.4787193862488706e-13
 1.6571243042184334e-13
 1.9260532826064399e-13
 2.2911064261034473e-13
 2.6800842942978638e-13
 3.9036786284991326e-13
 4.5702839383702159e-13
 5.2280531635867325e-13
 6.1926451365503131e-13
 5.7617663228775265e-13
 4.8232206246391343e-13
 1.1925145036058087e-13
 2.5070536500585132e-13
 1.7304919413313769e-13
 4.0012661065969205e-14
 4.2801299482973151e-14
 1.6082969472450649e-13
 2.5352658333332614e-13
 3.0897076343658098e-13
 3.5612063926160361e-13
 4.1587553223242908e-13
 5.5963194640271988e-13
 7.3186811209330463e-13
 3.3651390909899112e-14
 1.7631385407427287e-11
 6.8574913198567134e-10
 2.2787078235055262e-09
 9.2780635367138283e-10
 1.0462580715350462e-10
 7.5676433140274073e-12
 1.1032040702834674e-12
 5.7570019430216615e-13
 2.5562136548907692e-13
 1.9502519746727438e-13
 2.0954154392056618e-13
 7.0173632611023935e-13
 2.0856406866030189e-13
 2.89490953031944e+17
 4.4056736286334778e+17
 6.1198764933389056e+17
 7.8804571321248614e+17
 9.5544340681583053e+17
 1.1465901233400791e+18
 1.3515909669728573e+18
 1.5681884810986755e+18
 1.7804938602213988e+18
 2.026543379466772e+18
 2.2554485231209984e+18
 2.4815926631532452e+18
 2.659807946983018e+18
 2.8677229193254374e+18
 3.0537806853456169e+18
 3.2107827527700654e+18
 3.3754342321099003e+18
 3.4182237315250647e+18
 3.5009458008493604e+18
 3.5602259890952146e+18
 3.6854514461132068e+18
 3.7347093961783137e+18
 3.7525848196042327e+18
 3.8387565882890399e+18
 3.8985376294993423e+18
 3.8975976239749801e+18
 3.8977918486008438e+18
 3.9968944227675039e+18
 3.8460073064405222e+18
 3.9556085780525875e+18
 3.9597087226570552e+18
 3.948278622198891e+18
 4.0010451747655629e+18
 4.0164683848812836e+18
 3.9414840702384292e+18
 3.9286882208792607e+18
 3.9397009937782671e+18
 3.8611519916648417e+18
 3.8411581332513684e+18
 3.8564208493775401e+18
 3.7775428876334024e+18
 3.8346109753426406e+18
 3.7894109240082314e+18
 3.7609285892473708e+18
 3.7254771907188311e+18
 3.6559674269883382e+18
 3.5927663720481126e+18
 3.5966824989591485e+18
 3.6741691409476777e+18
 3.5838742978739026e+18
 3.5197128668178319e+18
 3.4520670952637798e+18
 3.4673246060068634e+18
 3.4741662350321085e+18
 3.4498941660987028e+18
 3.4348862335713306e+18
 3.5162263294068106e+18
 3.3538043672686822e+18
 3.320587073018132e+18
 3.3056412981682964e+18
 3.356571019180715e+18
 3.4280900220715136e+18
 3.3377914264962509e+18
 3.3840886497794739e+18
 3.378191106524117e+18
 3.3031288180546519e+18
 3.314985130916009e+18
 3.3247648103044311e+18
 3.3129320152170465e+18
 3.2824017503309655e+18
 3.3202791684913859e+18
 3.4084028996030177e+18
 3.2638011056832558e+18
 3.3304059040256087e+18
 3.4148250781713418e+18
 3.4647168065442744e+18
 3.4798868468609464e+18
 3.4772932749602115e+18
 3.4724233789692206e+18
 3.5772695601407918e+18
 3.579326272789695e+18
 3.6536968866644163e+18
 3.7302870814543447e+18
 3.7294350957583606e+18
 3.8278202811867643e+18
 3.9245913210514826e+18
 4.0257382931311672e+18
 4.1391519221612293e+18
 4.1388604956313713e+18
 4.1363392037106529e+18
 4.216832555664002e+18
 4.2993501903636762e+18
 4.4621511946888627e+18
 4.4068907224069955e+18
 4.3848189013810586e+18
 4.4755538880329907e+18
 4.5509866558423276e+18
 4.55624358220625e+18
 4.4942968533804319e+18
 4.5482701887060859e+18
 4.6405463833885532e+18
 4.6473560338521661e+18
 4.739383692675287e+18
 4.6376125437058765e+18
 4.8015005765127875e+18
 4.8939019843196416e+18
 5.0785659371663002e+18
 5.2850015463256248e+18
 5.34683955328158e+18
 5.6641441818432768e+18
 5.9603058840340756e+18
 6.2205222024391762e+18
 6.3720701889935165e+18
 6.4492189394441062e+18
 6.4496106487848253e+18
 6.22390238636062e+18
 6.1152977722025103e+18
 6.3282352825998643e+18
 6.4861401267945462e+18
 6.6921703748797696e+18
 6.7390844868660316e+18
 7.0826428008128348e+18
 7.3921158037703823e+18
 7.8698844957333217e+18
 8.2397430265556992e+18
 8.3386012718229524e+18
 8.6085164097971261e+18
 9.1441590215837553e+18
 9.6929853562348933e+18
 1.0982856165602394e+19
 1.207148832948709e+19
 1.3428278733309524e+19
 1.4693913722470107e+19
 1.5219125490244555e+19
 1.5631697018756239e+19
 1.6335093306857816e+19
 1.6630136689545853e+19
 1.7508908431821042e+19
 1.7420720176480936e+19
 1.7846030570251305e+19
 1.6495835286866039e+19
 1.4361559342433106e+19
 1.2300436758693339e+19
 1.0198446326776189e+19
 9.3614129888412856e+18
 9.076062456057172e+18
 8.982068195950165e+18
 9.1338073757518746e+18
 9.3845447515074048e+18
 9.5316395280874639e+18
 9.8578385892096328e+18
 9.6589358779435254e+18
 9.5808095534160179e+18
 9.2071279386516572e+18
 9.3037040764794491e+18
 9.7321310890774508e+18
 1.0181969994626003e+19
 1.120252036062729e+19
 1.2342831010746434e+19
 1.3681119717396367e+19
 1.4574898771536525e+19
 1.4835961749844617e+19
 1.4514802103949595e+19
 1.4180040385809039e+19
 1.5670617218728901e+19
 1.7824092738269391e+19
 2.0757779517259616e+19
 2.371091392550323e+19
 2.6552786973052908e+19
 3.0303549417873371e+19
 3.3870146637600322e+19
 3.9322195643170718e+19
 3.6907213399133159e+19
 3.1220329805941035e+19
 2.6684400187971752e+19
 2.1274495794574275e+19
 1.5669121740320752e+19
 1.1601665675483527e+19
 1.202722073759631e+19
 1.4349132774993809e+19
 1.7423014485685152e+19
 2.0893976475426169e+19
 2.3754832479091655e+19
 2.7167600788596363e+19
 3.3264708074529653e+19
 4.0962492143198233e+19
 5.6247962639663391e+19
 9.6698284213644755e+19
 1.9117851124623072e+20
 2.9647062771295617e+20
 2.5957286639612546e+20
 1.7172569253227722e+20
 9.9084371707931165e+19
 5.6232695061043282e+19
 3.5743909248051184e+19
 2.3303941892482769e+19
 1.5409147394551134e+19
 1.2245298971156367e+19
 2.7434984122520117e+19
 1.4509837530908697e+19
 0
 1.9501334901364816e+17
 2.0513373397069283e+17
 2.1597599500369043e+17
 2.2764870025660061e+17
 2.3976182848480643e+17
 2.5279494445182858e+17
 2.6650581863497421e+17
 2.795469760076512e+17
 2.9407216779978522e+17
 3.0747948300580749e+17
 3.2071790833298438e+17
 3.3238534215661056e+17
 3.4544883796998701e+17
 3.574402123487111e+17
 3.686504503534167e+17
 3.8085002358450899e+17
 3.9159895699448928e+17
 4.0258362792666074e+17
 4.1366081250255718e+17
 4.2728742796116922e+17
 4.3948050212524845e+17
 4.5151298611284922e+17
 4.6609044068507091e+17
 4.8058863071728192e+17
 4.9466490126924038e+17
 5.0952300918441914e+17
 5.2669568381958566e+17
 5.4051770486301158e+17
 5.5884760779612224e+17
 5.7635364483071226e+17
 5.9454875631536064e+17
 6.1402308439069696e+17
 6.337013894898601e+17
 6.534441377993673e+17
 6.7451184832799514e+17
 6.9655046280236531e+17
 7.1814215943626854e+17
 7.4113199604166195e+17
 7.651233705186103e+17
 7.8948302352607475e+17
 8.1475146502770547e+17
 8.4071388461665421e+17
 8.6745022821862234e+17
 8.9440244155021107e+17
 9.2245291190127002e+17
 9.5119572647656026e+17
 9.807997232000887e+17
 1.0112645595315946e+18
 1.042314295094402e+18
 1.0741051475875837e+18
 1.1063864373854103e+18
 1.1398322387705234e+18
 1.17401632952544e+18
 1.2089826841914857e+18
 1.2447645253773059e+18
 1.2813754372684529e+18
 1.3186602309985564e+18
 1.3566395370502461e+18
 1.3956555763188762e+18
 1.4355521293165844e+18
 1.4763054543993175e+18
 1.5178352983971837e+18
 1.5602721276793572e+18
 1.6035418200402683e+18
 1.6475276235597926e+18
 1.6924951535089664e+18
 1.7383002353910472e+18
 1.7850627092364173e+18
 1.832712766935189e+18
 1.8812277030317386e+18
 1.9307342449164977e+18
 1.9809716213071831e+18
 2.0322454631018655e+18
 2.0843879024898662e+18
 2.1374503563747003e+18
 2.1913861296030515e+18
 2.2461864248084275e+18
 2.3020339386111967e+18
 2.3589303832317184e+18
 2.4163820082929669e+18
 2.4747380253714012e+18
 2.5339467726714424e+18
 2.5941476624302387e+18
 2.6558031972051215e+18
 2.7184043495042447e+18
 2.7817403245481871e+18
 2.8456199884549135e+18
 2.9101926410470784e+18
 2.9752496689391549e+18
 3.0419836146973583e+18
 3.1091746365789266e+18
 3.1768852700132813e+18
 3.2451219208602557e+18
 3.3150379869400238e+18
 3.3860265493944279e+18
 3.4574892245297946e+18
 3.5295434923927798e+18
 3.6024154335495296e+18
 3.6767496176530529e+18
 3.7518275646916372e+18
 3.8272692720068941e+18
 3.9033568992744433e+18
 3.9799635800023859e+18
 4.0574149306069704e+18
 4.1355149464870815e+18
 4.2142538492246636e+18
 4.2936095908538127e+18
 4.3736019051292073e+18
 4.4545726949819802e+18
 4.536124104696684e+18
 4.6185696121736878e+18
 4.7010882932014694e+18
 4.7827502434147072e+18
 4.8653319643425085e+18
 4.9485921160361718e+18
 5.0313267835902484e+18
 5.1163816154657208e+18
 5.202153819769129e+18
 5.2886232525161748e+18
 5.3752015193554883e+18
 5.4610212311145923e+18
 5.5469579494270116e+18
 5.6345261493203005e+18
 5.7211248117876541e+18
 5.8061539735632579e+18
 5.891823059343446e+18
 5.9807823655282924e+18
 6.0723898988689172e+18
 6.1684467964973107e+18
 6.2700719103695555e+18
 6.3897608593070152e+18
 6.5090533513379635e+18
 6.617419224200148e+18
 6.7441444794294661e+18
 6.8540818913435546e+18
 6.9668350452661985e+18
 7.0865914117480161e+18
 7.1734373675138796e+18
 7.2570447192593234e+18
 7.2960662430921974e+18
 7.2900768133412557e+18
 7.3142725335543511e+18
 7.3575558676797092e+18
 7.4304926762233876e+18
 7.5141078810568202e+18
 7.5970906827307878e+18
 7.6786886226433987e+18
 7.7603501015284275e+18
 7.8393937467794432e+18
 7.9178122561627443e+18
 7.9955397553393951e+18
 8.0699132957566536e+18
 8.1428712575321631e+18
 8.2189482520015124e+18
 8.2929644949561743e+18
 8.3654467071515679e+18
 8.4392725451941274e+18
 8.5221626463995812e+18
 8.619720745349463e+18
 8.7218514709385953e+18
 8.8113127301438874e+18
 8.8788398507542292e+18
 8.9263858344248125e+18
 9.0059561219495567e+18
 9.1497268187370906e+18
 9.2909536929499484e+18
 9.4562521538887107e+18
 9.6503785303806628e+18
 9.8054476809080361e+18
 9.9736222629356851e+18
 1.0089744930241317e+19
 9.9866007459432591e+18
 9.8789384582066422e+18
 9.7515892294185288e+18
 9.6283507479769395e+18
 9.5772757943297147e+18
 9.61254078544845e+18
 9.6536774132178248e+18
 9.7029351941020815e+18
 9.7628966422775808e+18
 9.8483515174486159e+18
 9.9542411898025329e+18
 1.0122904634720057e+19
 1.0329440720760021e+19
 1.055814082035474e+19
 1.1024696198110638e+19
 1.2454520090289416e+19
 2.0392090383978582e+19
 3.3995465861404664e+19
 2.6299538499630027e+19
 1.6271161218418498e+19
 1.1870440742902798e+19
 1.0662482953149336e+19
 1.0287442687469986e+19
 1.0118024356986903e+19
 1.0063102728401656e+19
 1.0036415157939941e+19
 9.8324071554385818e+18
 1.0796300952121381e+19
 824514454517547.25
 1166820970865859.5
 1529459980545323.5
 1873474487489434.2
 2158422516354158.2
 2474515000446744
 2785201763447385
 3084655496359756.5
 3362616559969963
 3671785979239893.5
 3942601200936549.5
 4202020670811982.5
 4371142954498164
 4596574244425197
 4802605019911846
 5001057771596982
 5204992561153267
 5182383378138478
 5272479492207956
 5392438917014603
 5588788278422489
 5709441351672693
 5789287174120424
 5936745820013596
 6119419099819367
 6152492188618039
 6235364625450840
 6423087385731357
 6267309756886166
 6469553212000703
 6587854794756794
 6631383038084117
 6799325657261533
 6924273490806904
 6875012584148704
 6981221710975790
 7052199455201583
 6937895187920772
 7025237714044373
 7143202155751926
 7196532135641266
 7304633084722320
 7363482031778341
 7472034409481442
 7381014601134822
 7413020965330746
 7437118968147089
 7485879481144667
 7657669221522637
 7646736246130706
 7674604329323048
 7590895050879699
 7712742275218195
 7788357497155789
 7853195899223230
 7992635641296015
 8169905581420987
 7973938186717977
 7904002373834583
 7954603184088016
 8134476135063471
 8357403628880292
 8359599988406504
 8509706578775673
 8582654103695263
 8456329632847825
 8586250852677273
 8615757618480382
 8602441733044094
 8655505211575872
 8823576819863147
 9057208074099176
 8846058031399019
 9058401554512726
 9292456519110358
 9449753299339310
 9570108207818618
 9579084126577638
 9666183643028840
 9859455429093996
 9771715398136312
 10000451986537054
 10233460568318914
 10417955260068510
 10672468656018604
 10929397918642642
 11198243753129712
 11499548142626614
 11460202254749176
 11400686172750554
 11606900762338422
 11844539300794444
 12095632705842896
 12093614943300802
 12137821481730036
 12399894418437286
 12620885457092230
 12867315259438668
 13014758789484104
 13272701282191282
 13537592354545714
 13518405092854790
 13786966243382336
 13434530021048998
 13721336296360160
 13985487848143922
 14278595458879420
 14585179023254116
 14786209690569334
 15122344307416978
 15481987592163980
 15813893048747116
 16133321556024118
 16403907175798084
 16494488751532948
 16719469190521746
 16855194936042502
 17298648294918478
 17656576676439152
 18077393446488656
 18293307147791716
 18605793327357504
 18631442673375952
 19196583671002376
 19917837473511760
 20804549621327320
 21927845977137948
 23563909933158892
 24932131421378768
 27372486542982888
 29014130252366388
 31021272443965284
 33214617411064396
 33822831247134780
 33485824699284260
 33132651037549764
 31993357177118944
 31064663527836296
 30204763035101656
 30382732606587940
 29513222215239020
 27921965843363580
 26857205879811036
 25535638551845628
 25474069382778684
 25477294427123472
 25602944986953772
 25870320520090716
 26362162736817424
 26699400008043228
 27349164829205072
 27099092597352396
 27074300500508196
 26600089089861548
 27094544028799276
 28094242390541848
 28593602762626308
 29696100177100528
 30780254006461240
 32283705040819848
 33077260421470456
 33146830996179916
 32219693191869568
 31967150782368308
 34067487023314888
 36454203476626488
 40161063931531360
 44041223539021224
 47676729017107392
 53410468728780776
 59511552211948624
 69894810038532704
 65728917983750304
 55914139652407504
 49352039948833912
 42295125411571808
 36021329066097620
 32402458501096328
 34734634490964620
 39365123835014184
 45430431337429176
 52525295618294216
 58009897112781792
 64707449606905176
 74512864338677360
 85925724684282000
 1.0904614340481395e+17
 1.5421934461492848e+17
 2.1852157747003942e+17
 2.7316310929472051e+17
 2.6461257835942938e+17
 2.0814198914333654e+17
 1.4462964352001734e+17
 98427481437604432
 72429767884770448
 53639578757334776
 39940432771891448
 32747914003294788
 48677127148964824
 37523452608449888
 0
 17.118729740814498
 33.879318868561562
 50.263192172096019
 66.25048701532468
 81.819931222330439
 96.949734533877503
 111.61706795671371
 125.79907838724068
 139.47619011775311
 152.62920854048147
 165.24528233591832
 177.31729131904152
 188.84727736391812
 199.84147462049884
 210.31464545657727
 220.28864234945115
 229.78790916044065
 238.84290658965847
 247.48505872744019
 255.74393907744246
 263.64385049194675
 271.20881283039807
 278.4604844284928
 285.41398092020336
 292.08130308405458
 298.47518403769664
 304.60546118167878
 310.47714432593807
 316.10223016181072
 321.48344983840735
 326.62524891185632
 331.53238572362829
 336.20875477523623
 340.65943652356327
 344.89044127901968
 348.90732745728644
 352.71692303152827
 356.32852380914579
 359.74800794399306
 362.98176999403171
 366.03894833383026
 368.92761330479419
 371.65563968495798
 374.23234340139675
 376.66719826046568
 378.96859166421967
 381.14501237592299
 383.20466252829215
 385.15596369296225
 387.00634923712596
 388.76225485691725
 390.430470599145
 392.01703601024167
 393.52944694024649
 394.97298021730796
 396.35051427245583
 397.66641390369199
 398.92436465849573
 400.12666133612657
 401.27500931603248
 402.3713029769371
 403.41358171559068
 404.40439898763753
 405.35151799585941
 406.2572836559491
 407.12082365848551
 407.94281208723112
 408.72651773053565
 409.47258178807692
 410.17868899443306
 410.84561143861646
 411.47820843231062
 412.07341279006943
 412.59084399278328
 413.01592828608
 413.39798108468045
 413.75400954885885
 414.0893429984751
 414.40352394804978
 414.69172174439973
 414.95425373410637
 415.19872384910195
 415.43057392354456
 415.65302837536632
 415.86772829096344
 416.07631377383655
 416.28164947910955
 416.49055455734737
 416.7230185463327
 417.05943466374526
 417.50201905934512
 417.97729066190186
 418.45584680120595
 418.92109468324622
 419.35814400396936
 419.74407128481567
 420.00487088622009
 420.13624757037087
 420.23012951053562
 420.31228793066077
 420.38647502087304
 420.45222409046573
 420.50729998879893
 420.55191286606794
 420.5897660929927
 420.62371163799054
 420.6542001604206
 420.67487558291702
 420.65555834310578
 420.47885189115254
 420.1768743835774
 420.12180874926969
 420.61261306052012
 421.88215764395966
 424.12262834024307
 427.54959411217413
 432.3949698695759
 438.87315762067846
 446.84055367645476
 455.77083842775414
 465.47011918801678
 476.07718971247823
 487.67214002601997
 500.17449222736576
 513.45198861625465
 527.36681603400461
 541.80997600341641
 556.74590308944323
 571.81748031413895
 586.3631878922115
 600.00405378158746
 612.69096392690528
 624.34386626343007
 634.63859262558185
 643.01660973705441
 648.99888565356775
 651.97159695438347
 653.38282758347248
 654.40300463507572
 655.32608634817916
 656.19885312263307
 657.02365235561695
 657.78800788814544
 658.52843191760053
 659.29594233838463
 660.12645709640958
 661.03882667026312
 662.06060269049908
 663.24215283099454
 664.55179588018234
 665.83759862521515
 667.05289446850463
 668.25557850842551
 669.48337359429411
 670.74142563055693
 672.05397745238008
 673.44664478020798
 674.90888863974476
 676.34516622475223
 677.48842417861124
 678.39737556565046
 679.29625500944667
 680.24723518303472
 681.29326478620294
 682.44838332821871
 683.6945804205169
 685.04892619049724
 686.48086577237655
 687.95140090858717
 689.47736171614099
 691.01198434162484
 692.46539103597661
 693.78557795607821
 694.8091279188518
 694.38479996930323
 693.54358799589897
 692.88804292642271
 693.47274591233554
 694.8121704029312
 696.18148176053387
 697.63457795993077
 699.24131269977499
 701.07940826838251
 703.18737824796153
 705.48025296660228
 707.65377709243751
 705.63710346942344
 697.86064969370625
 675.63317401829886
 625.85392501262413
 573.78965265360932
 539.16040186574821
 520.84072120103497
 512.28205078960832
 508.69258592084736
 508.22011673443382
 509.54225133891589
 508.5752780174322
 500


